2 0.4973919373932691 0.11582716055643953 0.16643844499482002 0.2242063702330856
2 0.7052060409122572 0.2141673333929307 0.17398586625838527 0.2316697411669203
2 0.3389290519829173 0.1945588664031168 0.16906621301668423 0.22909800669820998
2 0.5328765693215259 0.3329822215652299 0.15693502131344444 0.22627443975720335
2 0.5547481841345975 0.5590124369783583 0.1682824864786211 0.21227108362128697
2 0.7954160157815829 0.49300965770027416 0.16302695043489296 0.2024878106910382
2 0.6779798285329341 0.6699060399403571 0.15123164153367996 0.2068757822115699
2 0.5704652615045209 0.865655442702765 0.15844317999521856 0.20712761468386603
2 0.34338742763023994 0.8459859068895823 0.16805856461060317 0.2074633913135944
2 0.38289620347707837 0.6418116049216813 0.15995133867699257 0.18798078961052925
2 0.3583408401751382 0.42187494905060036 0.1689542520826752 0.2266941605443639
2 0.18422993542230554 0.42435513123365737 0.1711341763685033 0.22197041239410353
2 0.206908296115921 0.7103555842567914 0.17432174906041256 0.23888127962845876