2 0.8256706100399034 0.3812686501560717 0.33197535525262256 0.2329966019867017
2 0.7992275088832641 0.6203064720531446 0.31053696411052173 0.2337610750152138
2 0.558253824038939 0.7498272623561516 0.3369301165591594 0.2644287545561833
2 0.27187701937955666 0.8416703380097015 0.3217221426660236 0.25372045452390946
2 0.12828447485216737 0.7122656524081112 0.16061529511466127 0.270180233645316
2 0.13829349814907874 0.3607935189887137 0.2330252144599008 0.22072065433026491
2 0.2889517023356593 0.11340783418325731 0.3762257072344266 0.22681566836651462
2 0.3744592923196287 0.2908955697328639 0.3001366825250784 0.22341708012190284
2 0.6391771023386433 0.15594748450427198 0.3165220018733021 0.24854845707725381
2 0.2589757713494244 0.5354711136238322 0.312695430778183 0.2602033827075214
2 0.5792759825385068 0.518456360344321 0.3597912326425329 0.2518272033279222