2 0.432535212050755 0.2129028167555536 0.22196596384840817 0.31612055575373343
2 0.6662510998543035 0.2599464401244806 0.2234882669780242 0.2944999255369328
2 0.7666413035401239 0.5105897578439612 0.25331391307332257 0.318706209089172
2 0.824452011174557 0.8030626354028981 0.2431108331084514 0.30422719149483596
2 0.6796417268811854 0.9319981483038204 0.26529643966042254 0.13600370339235907
2 0.33265122217212423 0.8926030998906443 0.2131423533192235 0.21479380021871136
2 0.10614372489089594 0.7218740822963082 0.21228744978179187 0.3594597123620383
2 0.29076345235587675 0.6532883498438609 0.21348108546298186 0.284828600250289
2 0.18774697168843163 0.37858559283419646 0.23810724235093012 0.29939152885151393
2 0.5196532957606677 0.7892672883211881 0.2499305746703319 0.29465376238289553
2 0.5398920811358278 0.46959770536309403 0.2398703283993901 0.3426607596207448