2 0.5722107288487875 0.8405716191780096 0.1753881451462958 0.22693871551297506
2 0.3502167355912379 0.7459516395302912 0.18563445762364625 0.23465417492915847
2 0.7208443725085456 0.7591285860920574 0.17821260987478602 0.23187238805932855
2 0.5073995067794147 0.6242152437125715 0.16598306981823321 0.22883864071217686
2 0.455073356050569 0.3987525153960357 0.1767404448635324 0.2150454649824056
2 0.22214000971552617 0.46891686671579785 0.17130182469387426 0.2075819660435448
2 0.31637274102834706 0.2901078427797922 0.15970321249928737 0.2117597571579313
2 0.39810569035028465 0.09875094327351336 0.16670444167350376 0.19750188654702672
2 0.6288896317698716 0.1083110687834133 0.17872367244273454 0.21036375291337445
2 0.616612689625498 0.31301082176667777 0.1674258135287746 0.19062906272796057
2 0.6708169132898849 0.5323379544599371 0.178002300587464 0.22946854190548252
2 0.8454112233747141 0.5268101563877725 0.18019583745398812 0.22719067599029755
2 0.7842215712320507 0.2414402445830745 0.18386153933176586 0.24173973315203562