2 0.535917370729922 0.7864119100215213 0.2182973814885712 0.3161205557537335
2 0.30166939846196955 0.7421093795442946 0.22007172462764168 0.294499925536933
2 0.19836673244467543 0.49275269726377513 0.24961732626799063 0.318706209089172
2 0.13715348468260735 0.20109095943809654 0.23958227297608897 0.3042271914948358
2 0.2804235244737573 0.06926750938341866 0.26367218182171615 0.13853501876683733
2 0.6278621003107374 0.1066347084634493 0.21062195322467894 0.2132694169268986
2 0.86808832866426 0.2737485601776605 0.23157561828735304 0.3594597123620382
2 0.6725503146764787 0.3445859046482901 0.21024650567399852 0.28723244640413514
2 0.778759302130347 0.6179600707155488 0.23463469110955762 0.29939152885151404
2 0.4420922223239714 0.21133407389484812 0.2465140323199494 0.29465376238289565
2 0.4255780281996381 0.531087567859831 0.23589369713910882 0.3426607596207447