2 0.5671330701957692 0.8376748668688664 0.17410640606883498 0.22785052616718487
2 0.34575881890973914 0.7442963524964951 0.1843104634117635 0.23562209700824227
2 0.7161963077221487 0.7553270370568138 0.17690270070771036 0.23279822656975677
2 0.5036035872038573 0.621585020671582 0.16468724569596505 0.229694339941512
2 0.452608473209298 0.3963116684139973 0.17552913101010775 0.21597130349283394
2 0.2193370857988808 0.46786477749940203 0.17013276597487142 0.20847974884153592
2 0.3145839403378246 0.2884174861054495 0.15850598369067 0.2125874006748294
2 0.39744369324434337 0.09783562565524899 0.1655212979096938 0.19567125131049798
2 0.6280656566486467 0.10518236665167512 0.17754052867892456 0.21036473330335023
2 0.6145985282180593 0.3095880248493366 0.16635535012342254 0.1915128176697331
2 0.6675069277601782 0.5287117536274262 0.17670647646519583 0.2303943804159109
2 0.8420801102777964 0.5221669359794123 0.17891409837652744 0.22813054235694447
2 0.782573620989601 0.2370074420179934 0.18249528998546138 0.24269362737490113